11001
25628
28035
30091
26795
17873
16954
11040
18686
19683
13093
19263
67
3949
9408
29696
4484
11359
526
19696
3177
8656
2454
12294
25180
23957
27563
24281
5868
15378
7665
6159
20335
26960
2077
8473
1516
22608
28156
6174
25400
1000001
15031
8756
1118
29227
4437
18902
12100
8021
18049
8595
14988
23879
10126
32515
11449
17032
12984
25087
22163
11213
9389
23569
27852
32531
32588
3114
25827
9450
28076
659
6473
11284
10592
8486
30915
19278
17657
19390
17679
13678
32717
31980
9418
29614
1783
4844
3217
14920
18335
26839
17255
27459
13948
4121
1622
15244
12438
15910
3929
11848
22865
17001
890
23145
6567
6269
3128
11903
9397
27296
8235
9937
9593
6245
16107
10669
31194
5545
9261
32252
7912
13767
13871
4121
12902
14096
13143
30948
11654
8821
25367
31506
15603
21383
19987
27335
23060
15522
16774
13158
2448
15204
8673
28584
25357
4452
20662
18411
17982
21793
10709
2765
24860
28473
23477
13306
27507
30684
7957
21826
15265
2175
4578
5615
6298
21973
14684
15445
27952
9723
28533
30122
16530
30451
16249
20504
6162
26963
30196
6929
9771
17214
26577
8675
27330
8084
13503
29836
10412
7526
2265
13007
21617
9133
8581
3463
24655
3387
6556
29244
2434
20721
16588
5364
2755
31283
571
19531
22543
1433
7789
29638
18345
30183
15464
18533
19554
13632
5654
29559
9496
5782
17386
14258
9597
2917
27590
29827
31769
24993
22301
29603
6547
7661
13397
13547
7468
17933
1903
11369
27276
12190
3561
9907
19649
9988
6627
18299
19077
677
10370
22116
4031
30293
14226
19988
4173
15120
7791
24971
18433
24303
28197
27571
15337
20821
7382
32056
8404
32617
92
31897
19217
5322
23600
3200
19322
13438
1674
11343
23986
15915
26826
18171
2986
29577
24343
9245
10858
4631
15174
28486
5134
13581
28413
18835
17166
5010
8472
6530
12995
28464
12875
3332
10535
18053
29961
468
19933
8251
7333
18438
12913
570
10168
29411
12256
26907
18882
11252
15707
21472
6164
15453
9288
14307
32237
16493
13706
28941
15331
14706
25602
584
30340
29138
26709
14903
6206
26455
20976
4132
2684
12235
10570
19770
2578
3013
1897
22004
6875
7106
18088
10197
24224
27511
12471
24410
21308
18278
19939
23085
15358
4272
14744
18843
14927
810
8228
18760
22933
8626
18877
20001
4695
15556
22214
403
2209
18248
4430
23802
2474
28078
30682
6493
3252
9021
25956
18264
15156
6568
31395
9049
17459
22243
11405
31248
32500
23860
7195
12576
8407
6541
6988
18459
2685
3097
876
26029
28717
24341
16534
17687
24950
24545
13944
6111
29718
3671
25174
12230
5659
13915
24145
1275
19272
18355
10730
27790
22970
24602
23490
4903
10700
15247
8355
4088
23863
32499
11204
9200
24958
4307
31817
31026
393
29827
7178
30405
14991
23404
15253
31885
22586
24742
20342
7034
7174
8906
4790
7679
29675
12289
4769
29894
1083
30817
10188
23458
2253
14970
87
19141
20827
7723
8048
2099
23849
29115
30232
28022
23015
15652
31018
13715
2521
8114
22681
26430
21813
11213
15353
12106
2765
13587
10305
16227
5101
17579
29391
1279
8071
10197
26028
19602
2189
19653
30994
9473
31647
25009
17963
5978
8166
27177
5916
1730
18240
16039
14402
19631
27037
10855
28347
25943
28585
7032
14377
16488
4267
6420
14258
2553
18348
29741
29772
32704
9181
26184
19511
9862
30771
4750
16842
29657
11860
7456
1395
16385
16566
19628
24826
5173
8197
27198
26629
10510
1990
21336
4577
10555
1595
29252
8319
3191
15238
4265
30909
7864
5136
14429
20455
1961
556
5754
21118
26203
31480
5300
10296
21815
14980
7401
31047
27192
4919
15098
22750
1879
19566
4314
14578
3910
21605
20708
19262
21088
18779
12914
29577
18401
7665
5291
12075
26450
23764
17308
5582
13896
20379
5003
22386
24142
3315
18055
23476
24352
12793
28740
26191
12570
19175
19494
25827
27631
12019
14748
18933
17822
21364
21167
6455
32162
23111
20699
2314
2153
24433
13341
23874
3848
18949
24653
24361
5933
9289
9390
5830
26453
16148
25028
10591
31551
9338
16741
316
7328
7595
13587
8878
29720
20505
11913
21072
9829
13785
18068
28813
20951
30028
17956
11874
3
23550
17827
32613
24508
206
22149
27911
23359
20816
27425
12054
24238
3695
28863
11654
25280
31831
20466
20336
4022
18834
18216
15195
3217
29040
21375
27835
20098
7597
7130
17079
31906
19278
4661
27695
15331
14028
16181
21758
30534
21364
27651
30844
30799
21006
7771
15687
25527
31421
6880
15940
28256
24102
25011
9440
24206
8660
22851
30876
11603
27611
7015
1992
23627
12732
6314
19854
21386
28297
1509
31027
23507
1098
18452
31386
2314
19614
21090
14346
10476
7334
10886
20784
2558
16414
1874
4968
11971
12237
15753
824
16690
1824
28402
7965
23143
32018
12202
16267
29337
25678
5566
14383
3404
30360
26361
7799
30152
28521
22779
22868
8137
14809
6027
24127
120
13762
1327
16250
29594
22563
27129
28568
264
10946
1187
24127
5727
28438
12767
21037
2296
26723
7656
9337
29723
4391
13405
16667
18287
16309
16975
4271
6581
32288
32409
12150
5046
6490
27759
5534
1914
11165
19514
5315
1979
9738
3747
20149
5017
7569
32238
2428
10896
24336
4490
1177
23718
3775
8166
13199
10985
22219
25222
418
19480
26945
85
735
10657
22830
4669
13916
10443
3845
22005
15809
5173
23616
794
11783
14719
29258
30338
23936
3911
16541
10189
21272
30551
32295
7484
15066
28956
25075
20935
950
20571
20229
16745
2689
19487
30598
4031
30269
31222
15137
31953
10651
2396
17580
7216
28094
21368
11019
577
14914
4870
6481
23512
15997
22677
16937
9224
4100
3826
8821
27706
8817
9188
22324
27261
27748
10521
2729
16925
24008
353
15546
14967
2904
28186
27286
22539
13153
4331
22938
3027
32713
13750
2422
27860
10576
30919
4491
12274
24598
7506
28056
21000
7518
10268
32150
10296
17041
4728
15584
19072
10630
10613
29847
3214
2560
27990
27973
30934
22648
1346
25536
481
541
6973
17746
24040
10778
13399
30486
16545
19479
22819
11429
26457
26626
8811
4594
11075
6927
32290
19571
3600
18941
16538
6018
29887
16540
22008
2
1207
27276
10212
837
22291
2375
2949
1000002
30269
2913
19372
20882
22974
26895
9039
23780
21588
10727
15418
14354
10309
30694
1537
2986
13812
25527
31033
11841
30898
15922
6887
27157
17878
11044
21561
17905
1000006
20814
29300
21841
16634
19376
25390
21447
752
16391
189
3997
1314
16020
751
26556
22503
20255
26620
24780
12117
20284
27064
5533
8718
1485
21261
1734
19036
4040
18857
3468
32129
2618
24564
30213
3400
7564
837
1149
18400
19973
6741
27160
10730
13713
26612
27833
30417
2753
1530
17955
11098
6418
3201
32350
32380
3698
14673
17757
25713
16896
11164
4061
18445
22548
2028
31632
28239
1000010
6233
15995
14390
1044
15615
9628
14037
21095
16559
26321
17834
2260
26085
18933
7980
451
16378
27980
8099
17195
11419
10529
10812
8021
378
22189
25693
21219
16963
32315
15158
17424
29394
12426
26521
18233
22947
3955
25611
3229
18058
18891
2331
7009
12708
3723
17394
32215
18061
15150
6956
767
12243
18779
30182
14670
13995
16324
22808
1711
2787
10830
3878
456
18200
23922
28081
28798
1321
2275
11699
4027
5867
23921
2507
2158
14111
18989
5845
13780
18081
5326
2750
8439
27106
20819
26006
21876
6807
31978
12519
29568
435
16401
18758
9005
11667
7163
26151
19690
30841
1845
21494
15177
13116
15753
5219
2566
26686
18211
22781
1604
19101
31474
3074
25625
9646
81
23413
27981
24743
5095
31346
3423
27291
5067
3263
24265
8876
5868
28835
7557
4220
5041
23291
8912
228
23004
31114
20014
23273
25524
3985
32686
16619
16995
16543
1903
21024
10653
32171
11875
8257
24194
18528
15443
11651
3526
16568
7972
1737
19727
12492
5976
19992
19358
2795
3544
18763
30258
3561
30448
18696
4649
953
26267
31730
5097
20030
14849
544
13438
13919
31294
21711
2692
12634
23653
22099
10824
4186
708
7764
4394
20043
25450
22070
24646
28653
30695
14809
10835
10791
6739
4227
22730
17055
13202
12826
27723
24199
7893
27799
7230
13242
26212
23991
6582
20487
15772
5363
31130
27340
23603
4531
2566
29895
7876
29119
5871
23082
4231
25590
25094
10989
16991
13122
20959
7528
4891
32203
7251
7969
19701
27755
28707
26595
15455
32355
25053
17168
9216
15692
8196
823
12793
27984
12907
21481
23148
3481
18658
24009
15167
15626
23828
28899
27933
22317
11184
10559
26046
23917
18631
16821
20329
134
21366
2306
31159
24121
3268
11548
18329
18244
21965
20675
16028
8593
22817
8025
7020
15022
25447
21235
3991
7805
12102
24752
3220
17965
10373
16202
16388
13160
27248
31722
9527
19406
32126
4417
20466
2211
6194
13524
21616
20164
26431
3735
28838
736
8431
3774
23244
11748
26565
21968
22808
17847
16482
25341
1741
28200
7845
31921
27252
17957
19990
1897
16745
5421
14725
16070
9370
27911
21998
1247
27276
5045
13472
15324
27295
18852
158
24001
1426
16421
27462
18055
5961
21537
19504
25713
13774
24839
30809
17053
24983
16394
5249
8666
2823
18314
26321
5049
4406
24271
27585
19431
7669
31229
12857
7097
781
4676
17142
19465
31944
28248
5936
18753
32179
20257
25210
21941
26529
21683
13289
13878
22003
12160
12920
3299
23831
29132
30891
22083
25423
5474
21363
15505
30388
2438
26706
13655
17530
23850
1727
7487
5493
22885
10444
17957
29660
8224
26374
11120
24142
8979
25501
16547
11282
1776
28869
3631
1699
18141
30299
4236
7276
11304
23244
3463
28880
28214
29491
21470
28013
3773
16065
6410
6306
17971
29026
26972
5454
5255
4509
24139
20443
18958
11708
3853
31868
7360
27694
28516
19122
7588
31529
4283
29205
8841
9108
31089
31825
30711
803
1653
28783
28517
12740
2835
17238
7596
22074
8973
12689
23996
28167
27374
26194
27534
19600
4763
5047
11098
5500
32299
24653
28937
13917
26872
19923
23533
9106
16118
32064
6832
23660
8260
29703
11146
31375
17153
18073
27831
20635
10081
19499
4393
23564
20992
16314
19834
3679
118
29261
20772
12663
3115
29307
24564
27454
28525
19756
8124
9359
8383
19364
28233
22356
14452
21181
21396
2027
5245
18291
25660
28111
28288
7334
10292
3956
6186
28188
22969
21874
20933
19654
4232
22758
28429
8260
11597
28949
15935
16810
6494
17491
25972
13189
11945
24612
10797
6937
23532
7328
22319
24301
22820
20252
13457
3722
71
4102
17939
30591
7733
6161
17329
2984
20460
30866
120
31920
16380
13098
13209
12501
22588
29862
22460
29931
15290
30499
5270
4004
7416
20342
26302
6670
17493
10699
31164
16733
23241
14731
26723
21995
19669
24708
22370
19325
22970
20804
7701
3784
8938
12485
29089
21556
20412
31568
17983
17375
6499
12443
23256
9957
21281
2869
8915
31199
17080
18211
555
2217
23842
15308
4036
30569
15233
19730
20991
23756
23641
30658
10636
20883
1277
32046
24191
6479
22343
29208
934
18536
28556
13522
9242
2916
7887
3748
28437
29542
5429
1134
22019
27637
4281
6798
20700
15871
25633
4100
15536
17438
27185
21716
2180
13337
14622
16300
9308
8622
10822
18119
26265
7823
2589
16401
23429
7082
1131
27788
13101
28589
8373
21234
16751
9930
25336
11676
17491
32696
25758
28578
25759
14842
31146
9540
9381
6499
13878
13193
12640
17114
26655
15141
18879
22107
22783
8864
12353
27198
27739
2997
23234
19388
28190
14329
21653
10415
9542
8381
1746
1689
32478
17972
23281
10984
25900
31193
27544
22648
5931
10251
14258
1626
5180
25850
3009
29652
28696
16583
5493
15784
8969
9959
21885
22681
10842
19657
25501
5420
3339
29624
14593
4268
6346
514
29905
14192
27423
14170
20229
15457
6887
123
11643
10678
5635
11790
3910
28418
1873
4814
16970
4209
22747
19690
5894
23374
9807
16042
1712
17353
13232
31318
32647
20472
15434
9556
19301
13339
11755
5776
17555
1060
9296
13345
19682
7799
14558
21545
15095
13294
31379
9468
12775
4384
8763
24709
5892
3299
22247
20198
6646
16399
5787
23647
781
27269
5959
18033
15317
10608
13304
9283
17899
25291
14928
20036
5136
2596
11316
26898
31100
8863
18884
6043
9076
8765
30608
6274
20767
6750
21768
21188
15766
18821
5941
5531
28730
31324
31655
4002
26442
21496
26543
16698
20661
32605
1998
28205
17708
17989
876
21138
14716
3869
6349
7921
6683
23121
13634
32679
17664
9417
23964
13195
21944
21428
31462
30161
30647
3460
24404
16175
13036
9273
6006
8767
26264
29923
23473
18213
26207
24674
13808
19057
28064
16753
12183
839
23810
995
7097
29885
30287
16683
20874
28292
2694
1000003
27415
8395
20011
9733
23604
10080
18402
16061
30134
20504
3388
21092
10467
8306
16849
6660
7975
24183
3215
30114
31241
8420
30545
7547
20316
10891
27827
30861
13754
5367
18469
15449
29998
3663
11327
14824
12337
11900
4949
31756
6360
10126
20042
6888
1611
21852
26025
26802
32377
28779
4337
23480
2058
26642
14385
22945
22677
10203
13269
18422
13076
19499
16064
1505
2709
2598
20123
13108
15666
20173
18028
26796
31554
22889
14186
17784
11985
21805
9232
30197
30542
13847
31088
6076
3460
23831
13002
7902
9164
18291
23389
8302
5760
19818
25213
9792
178
13336
30182
28657
2334
5785
22096
17703
31582
27249
23107
15642
349
9003
4909
8020
4366
14657
18610
16821
25182
6204
15939
1977
359
14364
30450
26366
20710
26106
27524
5376
4335
32748
26312
16935
15839
10281
31784
1541
23443
13166
19582
24792
215
22176
3369
30295
14113
22450
1375
26027
640
17865
30148
25275
9679
31902
7740
29868
30510
30500
22014
32168
22707
13676
27115
28639
10588
14789
13597
21452
16968
24871
10178
954
21543
6866
12331
16518
14576
17202
14880
934
3538
9734
14455
12906
10604
27585
27877
5762
16960
30256
25107
16321
22885
28766
19444
13089
15741
5557
16983
2822
14823
29797
2488
27847
17974
12042
24156
30570
18913
393
30109
4015
18491
3386
10626
11601
2214
12365
658
3464
3844
27750
5098
28370
30831
8331
23950
14835
4138
6720
10493
15418
12503
16880
5128
22279
17898
26255
15843
18570
349
27774
19069
29133
6566
25519
12301
15861
9190
18697
749
3781
24163
30478
13228
21091
32568
2491
29535
9823
23371
14767
12855
11249
31104
29328
27737
29058
26156
10411
14569
5486
23245
12762
20328
1545
3576
9643
30529
736
16274
2238
5534
17217
21827
18287
19840
26109
6952
17333
26127
3692
31944
31306
27439
21170
19018
781
15443
24385
24037
28836
32150
29599
13719
21349
7944
7274
21786
25463
28229
20121
1044
5684
26189
18436
15502
8914
12687
22823
23975
14915
4679
31778
30345
30297
9482
23813
15773
17454
12703
14155
2043
19907
32273
11428
21797
9959
22530
30968
17140
16731
18498
10152
32210
27699
9377
11799
298
25215
29697
3945
15389
11563
22703
28042
28279
23588
29939
11122
20961
23228
32229
1192
25432
25424
28803
15877
24797
22056
7425
21435
20334
30622
31840
18582
7478
22915
1090
31361
13313
29630
27901
8267
4082
12342
7662
21675
11896
28147
13328
21122
27006
16256
22220
18017
4834
26771
20243
22859
25641
24303
5291
22716
5745
21130
17862
8169
13990
235
15577
9802
2553
22487
14507
22358
5774
11052
19117
6030
9333
525
32649
6844
19164
16191
30205
28541
23939
10451
22506
25597
20080
4870
27048
10242
22499
12901
9117
20524
652
22837
2574
7803
23548
9233
14132
13329
29018
22997
19347
4153
25175
699
14471
169
8291
31428
6432
26372
11810
858
3375
30627
29465
6195
19105
21909
30638
2936
22796
12260
7503
11559
11144
17434
9969
438
3264
27140
9660
19449
4425
3254
7684
28229
1074
13519
30844
26326
476
2047
5030
27502
13579
25030
2446
26687
27198
27006
32184
26123
27964
18843
1879
7050
25840
27698
3007
11788
8566
24760
7453
25951
4214
20237
12646
22259
19377
7096
17805
19516
30169
8565
16633
26712
22950
9197
11574
20722
32550
24516
5611
24166
11093
23512
9484
5925
32237
24520
20304
31324
8575
13236
9446
24016
16835
3396
6756
25356
15405
19948
24064
18367
16064
30318
3330
5472
18727
29600
23929
29715
17410
10351
4141
9424
8830
22820
16086
26306
16936
23526
23179
19437
32003
12928
28285
16660
8663
29029
31461
19674
18125
6129
31803
18983
10809
15858
29353
8653
5559
14951
32191
18284
30585
10120
24680
32147
9695
26630
285
9511
328
4499
14936
7177
26665
24741
3916
28403
12636
6519
6355
25251
8378
31313
16040
6204
2539
8970
4310
20713
5501
5579
21872
5315
23604
13589
7811
16629
19617
25350
31817
16669
3830
9688
8095
30710
23321
30122
185
6965
29943
6019
24085
1712
17179
10644
10157
19141
13183
17597
10865
31226
25250
22355
4084
31201
14554
7457
1638
23359
29164
22700
9410
32108
17114
12732
24392
253
4604
23831
8238
19873
30034
29072
22675
12105
27417
3648
7604
20108
156
13844
9826
2121
23373
1160
15540
26766
22548
8113
30713
19640
13543
2945
21232
28892
30875
16967
29244
27750
3322
13941
12050
25088
16149
8614
14901
26294
6620
17631
27428
25687
20203
32277
3985
31518
8615
22256
20246
9873
2186
28879
30500
10666
30907
29196
17212
1589
4066
22657
30049
889
4154
21835
21197
2074
25320
5581
22755
19262
5259
7672
15973
8431
20
6090
5351
26049
7128
15381
7811
19892
7395
14466
11215
6747
25743
14037
5644
31806
27734
26995
10656
9086
9189
16673
5319
17335
30065
12302
11909
3882
25678
7700
10719
27932
31166
29243
2378
28537
29703
21887
26212
19389
27592
4819
25058
23316
25484
14437
20425
26048
30112
24100
29666
15804
5154
13696
25191
27807
3931
18032
22787
30914
22095
32186
9210
1445
9617
28783
25507
21391
6236
30900
17951
25205
20448
4040
2373
15389
9434
2371
22748
10628
5991
5020
23821
22396
28954
8686
3351
11929
19788
8956
6725
25166
31667
10610
1822
31572
28983
26990
16091
24907
15104
12094
16670
10148
10196
13164
13792
8638
7072
28663
32171
591
16724
23268
4618
2566
3828
10741
19007
2415
20460
953
22579
14870
10661
16837
4531
13039
20053
10304
23000
31733
21019
13989
16071
1298
22091
30148
8091
1087
32519
26378
28320
32492
26383
30979
25538
674
1497
9501
13125
20711
15333
6831
7350
610
31051
6969
26145
25919
12950
27630
6020
6869
6100
111
2692
14470
16878
17114
8799
28647
18998
7427
16418
545
63
9985
18204
664
12785
7917
17810
11466
14812
3558
5556
20857
18381
15960
2768
7948
6047
26494
32454
18739
2644
12838
21436
21450
21861
31413
15890
1280
15445
29802
27288
17080
2188
4583
21759
24367
13155
22253
25230
6367
30332
30567
5398
20900
13908
26538
27176
16670
31515
16891
14981
9814
27587
9553
11734
15524
32599
29021
5790
30672
22670
968
19052
19319
32672
23228
19029
432
28248
16549
20385
25840
8810
25913
4293
16683
10760
1974
21138
60
24240
5738
6571
25991
16968
26489
4156
11485
12908
28379
29673
4256
26119
5540
8197
31527
26912
5768
2053
26467
2807
926
13876
13507
29265
22884
8872
29270
19472
17156
30324
25904
18438
29653
3871
19982
22539
14885
22101
12861
25933
12086
16861
11191
28648
10374
4043
1168
19639
20051
4855
8592
30057
31583
9133
34
7895
18929
2214
19308
2452
29212
27703
19648
16582
23875
12745
15155
15157
4829
16265
11915
4770
25206
4193
14687
17754
28406
8742
28281
13835
32550
5139
21887
24021
14192
2422
4819
25764
8423
9385
18103
5054
8583
11844
26549
22168
18877
15505
7230
15854
6954
28480
22417
14610
11428
4956
15838
31109
20349
17278
5035
13508
6664
22593
15480
14436
31578
15605
3230
1121
15438
31896
29309
24500
4556
6914
15062
6947
9290
3679
29814
30301
12434
27874
14101
23366
9670
8888
20861
25488
25762
17467
8943
23691
1026
20585
9154
15678
16036
30612
24909
17078
28206
14938
28935
9886
14195
29912
7917
9232
19442
10779
23332
16043
25759
9175
10976
32742
23015
14940
8324
7843
31982
22725
7947
17672
5659
4467
27814
26762
11478
22202
22694
26698
31888
11225
30877
26021
15108
25136
16576
2822
5053
13997
31632
13567
31961
25480
25786
12697
18700
31280
27451
2536
6888
6533
24263
2530
7515
21575
3180
31345
9593
23502
3699
16838
8571
17148
21383
24049
30984
28017
8473
28078
17076
32509
5378
15234
29383
24411
27242
32519
26431
9756
1513
18564
29976
737
3309
19137
23242
30157
3164
30490
15380
27706
29306
8145
2808
5547
24588
5289
519
1282
5310
28080
5086
29172
31426
30812
29681
11961
5562
31449
7303
9736
22744
16802
30214
30018
10307
11087
881
30446
2493
9901
14383
20837
18564
22292
23310
24014
4213
21237
6791
31565
17527
12467
13892
8824
5143
21940
25055
19723
5232
15287
17645
1500
24654
8296
15419
13585
915
21297
16471
31888
13785
5460
5458
14519
10328
16439
10181
31054
27402
9726
15122
1721
11534
24671
19692
18290
23627
434
21018
6583
26709
23624
12407
30080
11412
21502
6718
27316
17827
28178
11908
20380
22006
4917
774
13208
32192
14305
31525
27153
2579
24300
4143
16814
8009
10846
28384
15307
25252
28288
3625
22567
26417
31541
9007
18652
25074
3981
5783
8853
26939
11160
24321
23803
17245
13432
25810
14192
2178
7866
21303
22016
7128
4839
31335
10900
16370
16469
10024
32361
19051
21059
5012
12225
15052
15141
21789
30681
14511
19005
27599
19738
15653
16235
22229
13715
27478
20806
21055
7591
23655
22891
8706
1795
25249
6934
3648
9172
1999
22511
29898
12854
19175
10022
5092
11247
24813
17089
29256
7773
32021
16181
2157
16045
25640
24884
3848
3662
20264
1479
5844
9125
24887
20636
19854
27395
13493
5281
5188
29652
17321
10962
19152
7705
12130
11086
29856
15384
11102
15537
6840
31825
3946
28062
3833
12213
21771
19611
29859
16403
1053
12834
12825
27347
21178
28916
12260
5094
31837
24753
2299
17661
5191
30374
4161
11513
22306
24806
20304
13219
16357
22428
25205
30110
25591
6303
22011
15514
23191
16711
26797
18377
13179
31360
22422
30871
16567
11036
5899
14230
14305
9326
7404
9655
28275
32020
8230
28096
13680
3604
29052
18938
6219
17963
20872
4650
772
18273
26620
26051
5012
737
16430
18010
6795
18184
28372
13914
3832
29628
17675
12281
31113
18687
13471
2155
6899
963
18822
4949
20884
15616
23725
6788
599
16133
25592
32223
2265
17676
900
3994
29386
22800
17455
173
2709
17379
4954
29061
30019
17275
28653
31481
26524
31628
26780
17279
13968
21597
20329
29856
18134
15316
18026
9385
8147
31954
2509
2212
9661
8391
6937
646
16128
3965
12726
24490
26849
24888
5296
23422
32609
5889
16824
14973
15460
11583
1388
4445
12818
15495
26840
3209
17534
7349
6204
19409
26245
15932
9999
9824
7674
11706
21829
27375
4864
30160
14798
28729
11958
21296
30303
2479
3354
28407
22644
13420
17959
4926
2966
4203
21057
3563
16601
31224
3539
13773
28586
22372
8247
17897
5063
28413
18902
782
3215
22845
23952
24496
380
25410
26974
4595
28654
30078
21045
20485
17962
21168
26414
9905
12194
17171
12261
7729
30327
32725
31262
8516
7740
29386
27311
23169
7165
7778
5530
31723
20351
16857
24953
9413
8650
3501
14879
22952
27877
31829
22140
17106
4321
9008
5569
9409
23064
4028
14277
18177
7351
1288
29863
15682
10618
11628
14262
18093
32695
5239
397
14200
24734
32041
13698
8376
10175
26722
22082
10871
3277
24475
30133
21511
12961
22484
23592
3733
10113
16589
10922
26113
15011
5241
31926
11246
19181
31408
19731
22805
29439
21796
8697
6366
13939
18326
17525
13105
5219
4170
1806
18569
9004
17592
24489
5195
6514
18052
22698
10583
26725
1200
7516
23772
19266
23825
9619
21360
28700
12799
17552
25696
7644
2129
7972
18244
31623
16777
19737
16343
23743
17995
10701
15366
14221
13588
6176
6215
10077
26920
15760
32300
8522
28108
30883
4408
15772
12726
5766
24049
14991
3778
3059
16182
7255
31206
13655
11731
3680
28520
25141
11859
27098
28494
12229
20758
1397
7703
30434
30883
12905
23976
20771
23102
2746
29321
31047
27838
29882
2385
2774
14745
32719
12383
25861
17473
32374
6603
13530
31667
392
14748
27282
27212
6333
5180
7744
6111
31854
20777
10166
20998
1183
26092
28072
20149
4412
27983
12303
23829
18339
32459
20940
6287
18787
6720
25998
21030
18499
31721
501
9227
7047
27790
8440
25451
14958
25083
3716
25740
16383
946
10853
17688
23557
26589
362
12473
21849
7302
452
21477
351
20746
20144
28924
21715
13259
30550
19344
29126
22566
5360
24067
22243
14501
5166
3416
5111
10613
11737
20291
10161
20250
21176
30338
27302
28001
3760
6512
11159
8854
10030
18136
24823
25336
30922
32007
5032
18538
22564
5925
26374
2667
31250
9413
25126
12872
9982
24506
24159
24464
15753
13356
16138
12489
18548
3820
22151
9313
11201
26117
7297
1512
11541
12180
6514
15228
23393
15065
11113
1924
6593
8077
2059
4769
20901
14198
8151
20961
4142
22074
18095
7478
4827
13169
17812
2599
1892
15101
14770
24262
742
14238
25756
12514
29761
3009
20952
1405
5566
27801
30110
1152
8694
21361
10461
5294
20463
6465
9855
29655
23175
28799
28142
8014
5910
12599
11991
8349
24399
11102
8750
4726
21095
29540
29810
29165
12666
23816
9522
4069
23338
6256
32720
14024
10889
9593
4485
22652
15673
4428
16549
22674
25809
12850
26916
18112
18307
21929
8794
7569
29692
5303
4611
22875
27788
17022
28810
31602
28039
10513
8839
19867
29419
2182
2950
31171
16706
3148
32266
18929
30154
10943
27857
9338
25044
8954
16730
6260
13674
3308
31653
3692
15668
12207
32570
29020
14237
4628
12652
25559
1329
31107
19679
21895
14409
19202
3656
3289
18411
659
7796
30967
27116
13507
23948
24567
22615
20096
29591
15697
1555
1835
19008
25751
1727
14574
21465
15456
11745
4944
17313
9606
10560
23558
6978
25233
6798
12812
12702
4978
29770
1781
5835
6517
7653
17024
31068
30577
8996
17515
28899
577
29381
14476
20916
30072
28773
28957
28139
16465
23969
15192
26544
7909
24188
25156
30905
21409
7424
21454
21265
5366
20521
7195
32536
850
10750
11037
23244
15184
28929
6244
7750
22572
18633
22839
2439
31353
28142
7396
8053
10006
26917
17236
4641
4702
32172
8674
17483
11167
22249
2669
1064
31949
14670
18604
25443
12920
14975
2498
20577
24572
17591
25107
21705
21496
26984
25941
7492
4353
18209
1258
11905
16023
1717
10349
27517
9815
13210
13451
20737
4467
29583
29716
2668
6752
24961
5969
17330
18126
4016
15769
23717
32221
29966
15647
24947
11918
18919
7438
27760
14967
6087
30168
21782
30908
153
11210
20554
25914
268
14309
26081
20485
12859
29417
24419
8469
20108
5810
5135
1084
32216
27079
13855
4443
11469
18737
1357
17622
29585
1161
2709
23621
20392
16469
16701
27501
13592
21141
20755
15726
15051
19864
15862
22077
26164
11540
12439
10325
23094
22902
15489
21162
27969
30071
18263
31455
27326
10736
30045
6072
941
25583
16186
16338
12940
14602
5373
20626
5755
26099
12893
347
2463
6989
2117
14084
30404
3262
24464
11145
12870
30278
6417
15872
23089
3023
11990
32463
423
1797
23213
19485
11138
18279
1512
4742
22587
14494
26206
1555
11019
29454
27826
26473
27215
19116
26584
10560
24369
16399
468
2583
22661
1993
31173
30246
21745
7159
16163
17813
6225
3095
21061
10987
12377
32538
3622
26057
11388
7098
16232
3544
3341
19214
11417
2560
11685
2396
29622
2011
11972
14638
24813
1897
8891
11432
8871
20229
457
22808
32454
23447
10628
26831
27947
8460
27514
7984
15228
12035
28441
17158
7716
3529
27340
795
21147
26504
30823
2310
14055
20923
2245
11844
31331
19173
15023
1930
19391
16515
6400
14938
10312
12607
1031
20693
12393
16230
18989
32720
9586
18332
13272
4905
29849
20431
1679
29787
29503
25193
17246
32593
12404
10698
9340
6520
32700
24565
7723
16152
8467
26249
26336
31460
10800
6900
19108
31696
5383
15075
19898
15650
6033
27900
25218
29900
10447
16848
13981
15353
22285
16651
23378
9702
21348
22254
19760
14579
22146
13824
7925
32250
17070
256
19375
6623
9990
20765
29729
9576
2059
27754
2920
14159
4448
16524
14047
21654
5327
30133
25919
15131
31373
11735
24843
14956
1727
17425
25131
3804
6204
8302
25302
29399
17557
29646
15286
23154
30035
28708
19271
3398
27263
20706
11393
4735
18024
18354
16566
9008
1696
8551
4285
5866
3656
14131
18768
32396
9613
26
22195
24924
4723
22182
25494
20567
11986
18141
16189
17350
8093
30832
28382
30482
4458
2357
28235
14041
7727
27607
25552
21825
16458
7885
19295
14477
30405
20360
23786
14318
32471
15857
12817
15003
18094
29714
28413
19747
32107
9747
29324
8450
25711
20073
20910
10867
17877
23114
8719
20614
13375
31332
22518
25458
30678
27598
15213
19756
19596
19775
14498
12345
21925
21630
3981
26816
27253
30745
9939
9187
8299
24922
1514
335
13902
14967
14974
29458
17607
11529
11540
20398
22560
9407
10478
19051
22347
10836
6958
17905
23590
27326
19774
13589
24829
16041
7790
32244
26448
17955
223
4926
31703
27801
15777
14293
15300
26882
17432
8343
16200
3674
2212
26743
3416
82
13952
2771
31921
8262
14571
22530
9754
18031
24454
6188
19433
7002
8702
20574
23240
9624
18154
24029
26553
24504
29175
23483
20312
27250
23874
1705
23136
12069
16901
4876
2929
1668
13430
10579
31249
14219
30444
31879
24304
25273
2116
12067
13680
11641
29059
31271
5732
16865
5820
19048
12312
30366
3893
18474
32659
13103
18629
31984
12056
25682
31360
2963
15859
5308
10903
11922
21874
32269
19321
28841
28465
9731
13374
21413
12442
23534
30790
22902
8109
10852
25117
9094
5373
4405
5538
7241
3835
7073
7529
24342
19063
9929
26461
21045
17508
27748
29866
10041
2268
9651
16602
13711
29540
23223
9277
25432
17520
12705
13711
4212
12330
21130
28373
14303
19055
13156
6536
15169
29722
24625
17909
3264
11654
4979
20964
11033
29262
13027
17016
9199
599
1125
30038
4195
15377
12092
27913
16356
27641
23930
15526
1352
13667
4539
22187
23068
30838
1299
17197
19513
22904
8517
307
27032
19788
27446
5981
7784
20280
29089
6089
14685
9196
5131
6966
2634
19904
13818
30570
20210
5694
12898
13522
25116
20704
9056
1897
24805
15130
21034
20186
14938
7579
25415
25065
23878
4817
4859
10511
30793
5803
5638
19556
42
17314
29326
30915
28782
24826
25945
40
31274
9797
10047
22876
5397
22570
9951
17109
9953
8804
2706
3287
13516
21261
3741
20192
21362
23325
5035
3139
18661
14382
29050
3091
5375
11138
25044
26690
21495
25158
6081
6154
12083
29464
22267
31116
20573
21704
8098
7864
2745
12891
16945
24940
11958
16470
28593
736
15299
30521
6700
23105
25699
22345
14693
22172
6276
6546
18374
22526
2573
29229
2970
9178
24502
18367
124
30890
2588
1090
29967
1241
1000004
25352
12528
17633
24384
24572
14057
3249
2529
11308
30568
16465
25324
19332
1839
32712
12128
16348
11852
19006
11222
25910
25420
23646
346
25408
1708
19966
31865
22561
29328
13058
15003
8305
12983
17277
16788
24713
30895
20250
13685
13054
8261
32699
8360
8296
22592
12127
572
17512
17231
21833
5757
17385
9535
20063
3528
30885
28785
1232
9629
30187
18316
15097
22518
19104
18287
32138
5335
9349
11626
228
14887
14519
11693
28102
15806
5500
3584
24873
15807
16700
22709
9064
27432
19150
15323
23204
679
12022
26805
15463
18352
14123
1899
647
13772
13725
4862
10062
23604
17014
12673
11479
6046
24160
23687
29627
7767
7752
28120
25838
4754
17506
25704
29411
3840
27246
30089
13815
24992
8505
15967
10252
26841
10598
10644
17268
18118
10606
23886
2322
24273
1254
17758
12731
20867
14593
3515
3810
27290
25173
8494
24181
13660
20450
78
5634
11052
18256
1199
26910
12379
24184
25687
3847
21312
3622
2417
2952
395
25117
4678
32541
10198
27228
3432
16984
28541
20896
17968
20611
3760
15658
13675
17799
24262
22978
27217
29453
11476
14844
32695
20706
30847
27066
29061
19616
5390
23282
26217
15499
24772
4018
16845
31161
1644
9569
4615
25974
32053
9543
11984
24038
15040
15952
7160
26092
19320
19468
1112
1099
17698
20219
24839
7691
18356
14856
8401
20511
107
14675
25572
3140
25368
22067
8141
32044
3515
7292
16291
30172
2642
9469
5250
28755
25331
10573
10811
24428
15385
1224
21578
22533
26940
18132
1801
21857
12196
14953
20771
7371
11134
1744
2378
1148
2864
19882
1069
8639
5354
27189
26276
8787
10877
13771
26670
21777
16241
30123
6558
9678
30033
22012
1041
4227
21066
5647
13347
20396
17909
18917
1379
18925
28784
21745
16900
763
24499
542
27349
5050
14113
23828
15219
28067
30046
12471
16060
28009
19553
20209
1928
220
16330
1458
24980
25613
32117
25909
3775
14771
9295
15236
25721
717
28008
26942
23928
14729
27466
29592
29612
4965
21386
30626
22134
11924
1692
25292
20757
11939
18923
5288
30049
3164
26665
19953
24251
7403
11236
4301
8516
5183
26715
22095
14669
1715
1167
15680
3855
11758
15517
5663
25244
29959
3402
28774
13334
4077
32224
3343
31775
8711
15417
23127
18576
14359
16153
23746
4462
6500
25281
10591
23066
13336
13248
21837
29383
10471
23565
32382
28209
14833
26195
20923
8077
8426
19340
12776
13499
4216
32465
25738
16579
25820
27504
26502
19071
18389
6464
21547
13205
19393
27441
29555
2985
16902
11303
26502
9168
20656
24073
3712
30279
2908
32532
628
13925
4948
14710
23217
7374
763
12568
4676
17386
10348
25531
14270
10389
21342
20294
18999
8984
14923
21086
26514
27736
15057
31544
12291
846
31064
14507
719
1719
9205
8586
30803
22285
23694
17968
15688
5301
3647
16476
13125
20090
12797
30016
31365
29754
18041
15828
18667
25055
32583
26992
12867
5777
28480
20122
17867
27691
12837
24093
9458
25323
22917
27739
30559
21869
8416
9443
24629
10458
11532
23622
22678
19805
23256
13351
4966
8918
24816
17810
20049
5587
18688
17807
13327
2236
1052
22518
13286
23885
7776
1156
29297
12873
21971
559
14241
10605
6289
19639
32257
18851
11818
14462
1854
20857
4165
30873
6630
3537
13961
19239
19568
2266
22973
16353
381
9535
29229
19699
31069
31134
30032
9739
7381
59
5801
2479
25887
28406
4075
30931
1331
19322
13408
3243
14405
4024
21387
24254
22927
29332
12045
14140
10576
10461
1989
30097
25365
12931
1595
26426
2359
2052
575
215
2469
15400
28109
11650
8163
26094
26420
10336
6227
26310
13943
5237
22708
24832
14836
18109
20968
29317
1603
30328
16122
1989
15713
18373
21855
23280
24846
25714
19068
29545
9331
5907
21097
14712
264
7249
31733
29247
4789
7813
3562
14319
32568
3974
18834
16955
27846
21694
13945
4877
19445
31108
23413
23416
30937
23462
2276
11503
30573
1604
6197
19124
20277
12005
17578
12178
18978
2244
347
7119
6838
25195
28799
16221
11624
16771
24551
21584
10570
28907
28363
15765
25577
13575
16585
32224
19573
6747
25131
6886
4642
4696
16745
16589
2509
21109
25070
14816
5859
10626
11295
3720
7039
16185
32410
24951
13266
29207
25787
23591
16584
18282
5733
16259
1512
8618
9471
27876
24189
12556
31164
31550
19955
21077
2336
11420
28547
20460
24512
22473
2323
14644
27721
6736
17751
17432
10947
26279
22845
27880
5399
17064
6280
18531
31951
19008
15802
15381
12830
19051
26936
4323
7200
2144
7081
5092
9826
2312
12191
14706
10149
27829
5753
30337
9695
13073
23688
17456
7043
31573
14448
414
8706
5307
10705
10239
9618
29493
27431
1263
1582
23647
15087
28421
18910
24754
16396
10412
17464
29947
3432
25902
22311
16396
2270
9234
12523
28850
14680
22184
11105
12263
16436
994
12421
840
493
24165
18485
13257
16887
224
13112
3239
13802
17565
14206
1694
21475
26198
425
13149
24615
27977
16333
32055
32266
2190
22900
3867
18448
22185
26854
30918
13137
19292
22951
25399
16930
10175
20544
26979
18929
14482
16194
26923
20593
20177
19849
24715
17400
9865
29118
11028
4901
12267
26399
13212
26565
28318
24451
28212
2295
25434
5784
11866
10383
13235
10864
11632
8121
1074
23868
21869
24287
14506
9303
9171
5324
3785
10374
14561
20753
18158
7038
26377
9639
20282
1702
22180
3031
9450
30495
4581
4183
24548
11010
3339
2742
7311
9192
32475
25593
14312
17072
7502
12423
4563
20604
4743
8514
18862
6397
15879
4087
10540
31217
5668
11000
12641
3049
15799
1031
32281
18512
8726
1654
29550
20649
13634
6285
27034
15128
6241
27692
19209
2084
19054
17073
22707
9659
12079
10268
2216
9078
615
26994
13036
31775
2894
19039
134
6257
9278
15902
20692
28446
27311
10142
2337
26135
11109
25821
633
22791
24296
10648
2492
26912
18997
27943
9714
31259
6067
28579
6366
122
31848
6729
19926
1297
15725
16163
10962
452
10655
31717
30658
31634
23448
17429
20517
32211
22494
22126
21207
23229
23385
8583
1066
21805
28171
23472
5689
6053
3579
21020
2937
7312
1650
13126
26513
27598
18282
22669
25196
20844
20804
21281
20876
29107
2233
16419
15265
24165
1811
10248
19034
4419
15005
27967
3707
28626
27480
3603
18992
15455
30703
15826
13728
6209
24301
6447
29126
31582
26670
31205
7548
17649
659
11677
16601
18826
10746
5138
701
598
26990
26739
23722
16800
19866
14857
16598
4248
23428
22553
26238
6739
24440
13580
12412
18452
10305
1229
25116
29386
672
6771
5676
19929
2294
18720
11346
28445
6980
19496
8355
6188
4949
31350
368
9436
2362
18732
30563
17158
15351
24970
5067
22409
29308
19985
22837
13457
26839
744
12860
1305
7591
17790
19106
4526
5076
14193
32415
17014
23677
2223
21624
626
32050
5339
13396
26624
1636
28658
21068
18084
28185
9774
32449
3591
740
13098
20722
6720
2837
29768
24525
22867
25645
6736
32006
27127
13973
24153
9831
6045
4495
32237
8551
22445
876
17000
29949
11283
512
6049
13750
3834
14163
30156
22534
19415
1689
8863
31963
27050
23908
3508
27768
2689
9497
19503
13185
25661
26784
30624
5714
13976
608
29739
20117
25191
26219
25062
18196
1565
23797
15746
18891
17297
16651
29742
21570
4865
6018
28344
1562
18262
4653
22517
24037
10153
21331
8804
14395
16903
1375
4366
17674
23409
6874
18352
26413
8487
19095
9756
12864
32551
7213
29405
31411
16368
6314
6426
11294
22923
29574
32189
22996
3020
16342
12243
15803
13270
1474
30774
6491
30941
19513
3178
11572
13872
27364
26822
14933
18038
14424
5588
16938
5175
26767
23802
30870
5023
12185
12377
7233
2431
31887
18933
10548
17301
24777
17942
6563
9741
30544
15599
10505
12871
24726
8062
19835
27355
9829
23475
23349
14555
7190
3028
1658
13912
3843
13600
14235
551
23359
22963
25941
228
14468
25001
26975
12088
21356
8070
836
26968
1764
29654
32111
19406
18910
21520
10372
4476
9543
14528
8439
4830
17977
14053
4823
19087
113
18584
28650
783
21763
2287
19455
4547
20812
26401
21376
17213
23081
5355
4167
23742
14182
13362
28850
22265
29562
2025
17658
13850
25457
11317
9920
8967
27433
6607
32489
10726
20929
30891
7596
16863
14927
1495
6377
547
5329
4261
25789
10285
7015
21260
23123
21320
12223
10572
8445
6481
11472
27857
11651
22718
203
30298
19387
27615
9038
2906
26201
8548
15323
15006
265
7712
3210
27697
6331
3084
29946
10365
24126
14991
8589
23218
32529
5116
15061
4716
28790
3165
10569
2192
28871
28015
16701
27510
13069
9197
27409
13902
26831
29201
7080
6076
7720
11097
12571
11206
7196
23943
1967
3312
17708
2795
23301
165
8232
23012
18321
17113
1349
23973
77
13549
8560
23605
3247
29651
17377
13753
8920
6514
10738
20726
29198
11596
15666
12562
29036
2142
30645
6298
1752
12359
25263
24010
6710
28077
25409
21512
26843
8669
18835
28337
11589
8113
22051
280
28425
2999
10589
16332
3852
1935
20843
26394
25590
11413
27214
10963
31460
6593
1070
21328
20574
6347
17390
11186
5512
7826
29188
9582
21916
10942
27528
21770
3991
19108
10634
11297
6195
17259
21161
5293
22550
10093
2785
20870
14921
23264
30117
18469
24299
19382
7726
6062
26151
24769
14866
8494
26467
25627
31256
25888
26810
27845
23883
23095
27309
2958
14925
8535
23573
16183
29422
15076
2652
29652
1533
8512
25069
4469
29535
27791
4841
24070
9821
25534
28188
13940
23106
7875
3631
25362
11558
7718
8479
2874
21765
31680
26094
3127
11028
6339
12952
14178
340
27898
5704
15244
30311
23378
27596
15772
15267
12186
28742
25721
357
10631
12837
23595
32167
14587
27732
5181
16597
20358
8625
15717
19677
27438
3265
19047
8838
15979
14242
30774
14594
6518
20545
8540
5062
30915
3277
24733
27289
23756
13419
18135
6123
20241
8235
10285
16745
14429
18490
17508
28366
27722
12634
20109
764
3591
20112
6117
19275
12889
11036
25081
6433
25312
28846
7182
6595
26268
7639
4031
24682
29616
190
16616
22170
11877
18964
1219
1711
6513
19530
5201
29881
23418
15105
7676
31113
32214
32450
6778
21516
2197
28911
26868
25816
8129
5113
30312
18437
1508
7124
29772
16702
10187
23208
25204
11799
5514
26058
28725
29345
3264
1770
30923
5181
30748
19854
7928
30381
2080
21695
19438
28529
18725
4353
5487
9040
23200
14985
20275
25141
11171
10155
19338
30012
24743
11154
3906
4877
18056
19763
31947
28265
30417
27267
15001
4866
4410
7144
22730
1168
11887
27630
31241
21537
28691
14140
946
8112
20997
18630
6454
12282
8418
1604
26306
10381
14795
16610
32539
32290
30568
32313
20685
10028
28716
19838
30340
15025
27099
31993
26298
1000008
9802
17337
18066
15557
28007
13191
25604
26913
30840
1816
6971
31997
8872
8327
11067
19288
703
19458
15815
27646
21041
6851
9858
3605
17754
27201
7508
22770
14600
27560
30735
20273
22842
16263
10067
26628
9511
31177
31407
21195
29826
8679
28680
6373
25085
860
4671
4550
16140
25176
11022
23882
29931
26808
19507
22601
30434
24374
29649
16236
10696
1757
20499
29759
25798
9921
26130
6279
28509
8684
8185
29653
8362
10651
1639
22363
1001
24491
10516
29695
9785
32078
31416
22190
29086
20994
9256
32499
14668
11972
4802
17352
23331
4480
17932
31404
6774
9421
8344
5365
6160
26583
16427
10088
2937
4764
8477
4103
8565
2652
4355
11818
9166
31306
13452
24785
20051
25736
9385
16185
29985
16210
26353
16301
24609
29306
17731
16543
32722
18708
18605
10231
24393
11122
23436
3243
30582
13651
22261
7824
18344
31831
32596
16496
22355
6838
13395
2140
1298
21042
22526
6723
18152
23370
12580
4292
16331
13489
19712
26689
20067
1790
9240
8245
30991
28837
1638
1735
23337
20006
4790
25247
30603
21124
15695
28408
5201
1017
10709
24054
993
28904
23662
21818
32553
12563
1572
6325
29992
1806
28811
22457
29616
13812
19619
20566
3434
24408
26879
15587
24858
32126
4903
16347
9764
19915
10300
16875
25168
16251
6362
30280
11466
14994
25666
31046
8813
21269
20153
15655
28480
15481
22315
14640
4417
4444
12308
3843
14434
17267
16289
6696
26578
18372
27410
7661
15485
21269
12642
1392
31958
15012
22826
27130
21972
19736
13763
21390
26938
14264
18346
26562
4380
19419
15401
31438
31903
14495
4148
14051
2560
3294
23186
19902
472
5470
317
26748
6046
27464
24074
18864
21357
18140
5772
21939
18695
27234
11062
30011
16411
14692
449
1583
12739
20506
28365
20154
16209
12070
715
9887
1611
20354
7706
19148
30132
12982
4208
3889
2189
17230
18300
25298
2460
6539
20682
23067
17516
30809
13030
13172
18325
5761
25028
2582
7229
2080
21087
11037
5855
23640
29089
16606
9548
17221
643
18554
15855
20530
10101
1460
21588
11277
6912
26879
30444
19481
23466
7131
31242
227
20250
10082
21554
29047
8316
26910
3987
22227
24103
18974
29906
2972
6781
27721
21257
17424
5139
16882
2320
572
10515
17324
13307
6767
6622
14431
9955
23534
24309
17307
4074
12777
5657
11821
28281
20654
19121
7408
16076
17181
7533
10726
32433
27740
3881
4999
28556
20940
29460
30297
14751
16699
19473
17601
21640
10075
6493
28953
22795
10866
22130
32258
8210
23892
12844
26876
21234
7823
16683
9012
20720
30693
12152
3228
3588
4607
13675
9537
20189
4191
21452
26842
26148
27031
6968
2204
22277
4024
710
30550
236
32014
4587
31673
14476
30986
24987
15607
29222
10624
14513
32145
24840
17427
18321
30825
12372
29677
18188
5151
14594
18355
32388
24730
22824
15287
30032
4837
20601
13424
21345
29501
17932
32040
13606
29032
23392
7925
30382
21320
28828
9194
14861
12719
32283
6798
11520
14197
10023
28045
20948
22216
27141
25518
20355
26820
4403
23557
3361
27459
18925
6762
7286
20727
1013
14378
14317
6070
32404
3324
22445
6420
9948
9270
8709
18743
11057
4672
15117
22503
26632
15945
14218
26597
4589
29754
14099
20606
16587
21224
26994
7519
16488
27278
845
16555
18991
8058
26118
11083
3122
9478
32479
16262
8559
9418
8546
20945
24402
26128
24832
11240
7292
2440
11768
17949
21699
11582
14714
10992
20090
3272
25868
14561
9458
29124
16686
13954
23616
2178
24377
27856
25153
27901
31373
15299
8412
1040
15595
23844
1415
29926
8736
18847
8717
22195
16100
29721
19086
26273
28417
20292
21703
23054
11960
20848
23699
8436
9056
27300
12722
11432
5968
8429
21194
3784
27903
18166
6571
1134
19818
217
31959
16810
5558
2869
2626
4400
18455
30849
32598
7245
1008
22687
8762
28448
18748
32436
16468
3334
2860
22840
30221
10582
22033
4169
9172
22607
3197
24133
13413
19534
32677
22167
6219
29508
26378
3793
6819
2152
31577
24060
29476
28201
14479
9771
14684
25703
2912
23639
7484
28386
28122
16998
2263
32755
14150
1933
3943
15226
9039
17112
19857
26135
21606
31751
7914
21661
21860
13980
19641
28611
24177
13106
6655
8221
24869
23312
20660
13899
8174
2558
13396
9073
21682
10840
32154
5607
10933
22368
17291
20017
4028
31192
30135
16433
8307
4817
19388
21659
13324
10430
19979
24234
19241
2764
23535
6673
26108
24182
21195
17717
1452
11091
15011
11161
23803
22835
7133
13465
29735
21611
25161
19036
17421
19565
29024
11524
3220
16540
19913
1575
27209
20318
34
20611
28487
31602
5372
26605
17242
23428
24103
21899
3940
26622
22833
11331
14335
23330
24361
2419
11107
22358
424
3555
18059
18366
14611
25336
5523
12048
18458
8234
29541
22692
30852
9399
19604
8139
5423
14745
2440
16738
17746
4022
25564
27559
11526
28248
11012
75
30469
9692
15411
15560
11185
6830
12667
15604
31064
31861
3127
3030
20918
32138
24230
14009
187
7855
14552
5760
8335
25342
23758
17209
3796
31
32221
26101
18219
24254
3923
23766
18169
32572
26205
25961
24171
5797
13096
16694
4791
30691
5447
2198
30117
7473
20309
8133
5711
26066
24027
568
28452
23554
30067
22577
30003
5933
11310
2704
11431
3679
21044
18668
26253
28412
15786
13794
3038
19377
3545
11693
6585
14250
10636
23287
13040
8709
31929
3567
27334
1415
14692
2460
11511
16526
8129
15217
26361
10567
4505
4385
22146
12833
29934
24757
8522
12930
10722
5851
6674
10168
6101
8065
22245
562
5582
15522
31902
21232
12828
16224
25514
27960
7485
22356
31247
20619
15358
27682
1709
28375
9444
13648
12740
8942
3275
1112
30391
27447
26317
29947
25360
15523
15205
30681
18115
483
31444
27455
14775
6873
20164
13888
6786
28748
12076
6663
27253
28639
15987
11627
10968
1092
12504
14020
8054
23981
17169
22525
6749
7811
1074
16619
13535
16475
30417
23517
6620
17702
19816
10357
17732
2215
17914
14518
23767
17963
26874
1117
1583
9844
12136
1653
24065
27126
21565
22822
29856
838
21769
17358
29634
13775
26075
28499
20871
3271
23649
13495
13495
15969
22096
14828
28235
20292
7942
20714
11312
2621
6255
19712
18759
8240
11045
16999
24240
1109
475
25629
31304
22688
5115
29680
7792
32385
17294
30937
28433
8142
4701
12172
12253
17406
12885
26957
30679
17815
30000
19717
15893
15337
24402
11925
9156
11517
25073
28778
8046
7113
121
9042
28024
18085
25903
22670
27119
10755
10516
23080
14212
7002
21260
15751
22484
4195
21055
1088
6381
26248
30656
16175
31758
16026
13165
26567
31151
16578
6166
25510
18113
23738
27361
26220
32567
23100
16876
9678
22981
19899
30261
5094
18664
17746
27831
5069
11558
16890
31446
23660
31895
20735
27133
32143
932
22965
24198
15163
8975
29543
9690
13122
12084
22416
12249
276
21646
17485
14204
21464
9596
25363
24248
10940
13637
1949
16806
11145
25690
23337
17634
18298
16860
18404
9009
8782
9822
14499
32358
28572
27628
211
30598
14951
26444
179
4650
19186
1667
22977
26405
7893
14492
18289
27239
10065
676
28709
18465
16865
26105
16986
7466
7953
31685
12831
3746
2963
27077
27340
1237
20368
5199
18672
3425
6204
12691
12427
10396
8109
8737
4990
1584
1773
12971
15423
29960
5710
11020
12497
2672
22525
20106
16884
17527
16602
12632
6809
11160
23431
1887
25496
14234
10687
20543
20389
31669
12266
1168
9089
24054
24302
10349
3693
24037
20551
26419
26340
11876
2138
7302
8073
9946
13062
28309
2143
20369
3709
23967
12344
3421
30802
27831
31344
12415
20691
18372
15578
27336
10392
2763
31227
28930
27740
3697
2934
19339
780
23995
20680
6723
4638
14617
13877
20392
23588
19107
10242
10048
28065
28578
17893
23352
3099
15186
27322
23882
7025
5862
23671
5860
28015
8909
14434
29830
12192
15668
28546
16491
27491
20940
26451
4205
19521
22221
4798
19235
8318
6971
5959
2124
18414
19048
21129
20592
1290
18618
21471
32708
25667
19886
7781
20559
11671
24349
18207
20299
5217
4542
17271
16846
6517
13037
31725
15529
21356
16298
30474
29584
4413
19685
12437
892
2830
17657
28938
15438
5449
7798
14664
11701
2545
28707
5770
31569
23607
1603
29336
15385
2632
23832
13375
26874
24938
9382
17406
7872
18503
12729
18690
14138
904
41
12885
32153
10406
10845
24658
538
13053
31246
604
20709
28451
30285
31951
4148
12407
4808
27447
18871
1277
25673
4800
25400
23401
32383
22766
2683
20345
24321
4750
6248
4232
2448
16109
12139
5729
14748
839
6428
6225
19722
31362
10011
31360
19509
11548
6974
9600
13107
17763
23279
31783
24665
21476
29135
25498
19457
14373
10144
4523
28042
407
11617
5477
29089
23750
9658
19940
9663
24787
3227
17259
15603
20772
16929
5808
20962
10074
15545
31354
18956
31107
9863
27502
32337
4241
27145
6694
19635
17164
29175
15236
30557
26627
8302
13126
29925
30280
16718
19674
5582
9181
31713
30323
9041
6569
1981
12892
23388
3951
10475
12941
28124
25601
14152
21116
24376
1457
13612
25397
29725
16137
14666
32173
2689
15292
12247
20307
994
23003
14063
5353
9423
6988
6708
14226
3498
19321
12728
16428
12460
11589
10269
5343
26921
17732
27642
13558
6166
5163
20609
26350
27080
21893
8543
3277
10494
5800
11748
4790
17186
14824
3940
11193
25036
14858
11997
20719
15752
16892
19929
14023
3545
27843
5782
11419
14974
16820
30565
6791
12787
16615
19792
4474
2363
5097
8703
8589
18653
14001
221
27284
2861
11477
10102
6899
20428
5886
5411
20660
10354
15514
15850
4310
8939
24016
25760
18663
5216
25017
24656
3797
10712
13517
20705
4865
25086
27547
1778
30869
21541
32190
8969
2072
26761
11532
12269
28735
26072
27920
15440
2310
30705
24251
14257
19712
5099
13398
5761
31979
23897
4539
389
8584
28876
15557
5243
24490
14234
12805
28672
21132
10462
29110
8881
24679
7104
6387
11665
15684
3831
6952
10155
4111
2444
12231
17656
28142
30944
18492
17538
8145
12272
8738
2506
26185
27608
18871
25959
12189
406
8333
20721
29723
6417
15491
8733
11436
6490
13044
31017
6059
10801
9262
28283
16375
28363
6950
17285
31303
24018
5482
6891
19646
23214
18262
31720
29888
29699
28811
9454
32515
27514
21661
29068
9705
27333
11276
22421
27149
2525
8566
16255
6427
2702
12042
15369
14054
27958
28736
25888
31924
17098
15303
23044
25308
24601
6591
11943
26772
22101
27177
18518
3588
21711
20380
28058
13471
22530
12857
3425
22962
18899
28385
345
24381
30487
1701
20381
22275
32342
25213
12179
989
7118
32573
22036
1363
30395
5574
19662
24941
21462
4985
22759
24775
20764
30450
13539
28900
3792
25842
8648
196
27075
2460
4992
3001
10963
6629
31870
18038
20402
2374
31909
8809
20713
18355
30565
6987
2332
7121
21799
757
8591
28004
29675
16245
10217
5126
2863
12129
12600
32287
1811
10347
11830
17425
7868
17462
21707
31667
10742
28520
17106
24577
31261
28417
15904
8466
14909
20459
13762
28746
6776
29905
26759
7376
19112
13877
21695
21570
2118
18621
21825
23464
17291
24014
4019
21671
8148
12892
6149
25336
21323
1
27967
17944
10692
1100
13181
15168
12005
4699
20279
15255
17290
25260
17862
27303
8807
5424
1828
18701
6128
6561
1268
32629
29045
29206
15042
21958
26514
981
2955
10906
1990
27240
6272
32497
24930
243
29959
27174
31141
5572
23555
2594
19237
31788
19029
17359
21616
28813
8867
26575
31220
693
15959
3951
16156
31338
4075
17878
6844
27206
14949
20867
27311
25798
16925
12790
19135
1949
15046
9644
21188
20814
5804
19537
16
29945
31547
14642
19979
8309
16065
2545
16923
26784
29557
21884
28359
20467
9143
1855
12827
7002
9113
31385
13134
26946
7071
27277
25506
16115
12483
2491
1676
32
28092
22158
1301
1212
20864
32694
4224
16656
9992
27865
22573
13323
2643
16261
22205
4057
16045
24682
31351
20663
14897
27846
11498
13829
2701
6176
32212
20892
30469
22073
30019
8547
955
24896
20730
26397
14893
28741
12566
12933
23295
12784
30706
20893
23803
24435
24903
6979
23894
31677
5272
18437
25908
4848
14029
19766
10351
3606
16158
28225
8596
28432
4914
30782
12079
2254
11912
23491
5705
1990
22807
6397
3630
24222
12593
12799
14708
27436
3245
5977
12344
26529
30021
17133
32683
31745
17469
29950
17102
983
8518
18314
14457
23590
26785
3034
31394
19874
15495
9815
15068
26400
17865
23711
10270
23628
26548
18904
25030
15514
27447
27973
7133
5759
25928
1814
22685
23264
23683
14213
23344
5323
29204
5150
14267
18789
4568
10078
9371
5155
28095
3712
28911
21309
18549
10644
17494
30816
21313
4561
3066
20900
9005
18988
14541
24253
359
24106
13074
1653
6887
25330
10016
16474
21330
3750
3938
1715
16158
23027
8099
9401
2296
24551
30088
13572
18018
28675
12894
25668
32673
1682
25110
19505
28374
7993
21390
31429
14955
5582
17939
31144
11952
2413
4131
27116
15046
30153
9079
2042
13501
30401
4673
11212
10489
27188
31154
6493
14554
25621
30143
13662
19612
10434
549
29227
7291
8593
27818
2301
21787
32684
15526
21345
23336
288
13251
22761
29241
3120
19457
25889
19195
5359
22269
14788
15499
270
8818
12592
11555
32242
17920
25880
28153
32009
32300
11641
3684
19039
14505
3023
27201
29036
13782
22152
30613
25649
25479
14521
6004
6275
21768
23056
28193
4006
31839
17162
1654
31773
2258
20837
1000009
31169
3753
20697
27522
3089
23605
3075
15065
22217
8209
27042
26275
17590
17576
27141
28480
4296
9463
6340
7228
25961
32405
18095
7798
1549
17648
8196
7554
14090
14809
29413
13387
22443
28483
14856
8445
25215
5703
16305
11298
18423
16236
27869
2827
22320
28710
6336
16753
10510
12700
27762
18012
16778
31918
12006
28740
23373
10039
3355
27766
4477
13967
12950
17850
23511
15189
17935
15923
4350
6763
7787
134
25362
26433
17386
27711
2693
13143
4514
368
4906
30461
2860
12186
32655
30558
15005
3025
13965
19900
10935
12828
28445
29693
20833
22043
3693
31335
32341
18156
11316
19112
8729
27214
12610
7193
304
29447
17499
32067
10129
22148
31045
5795
12376
17856
30240
2730
13756
11623
758
5896
32065
314
14227
23338
13358
22197
15255
26625
20546
4847
19657
32006
26787
12227
32686
5755
6935
23597
28251
12531
20854
31734
18823
26132
31584
19092
32740
18076
4139
9548
28592
5538
27935
16537
22150
18719
25574
19665
29563
29612
3390
19974
3942
31629
13297
11050
24447
17135
27655
14455
30252
9582
10810
16654
13847
28378
28586
21471
31620
12091
24018
22472
28642
4114
18107
11009
15263
3810
3439
20919
2625
16623
27313
30711
5299
1094
27115
19150
9692
16893
12904
27823
19830
9660
28867
2324
13598
28285
29856
19304
19367
15503
22169
15653
15028
225
14972
20282
23174
29053
435
4783
6162
10067
515
25739
343
18744
5242
4342
27630
26670
4258
12699
27107
28902
2043
19280
195
22147
21928
28409
22262
23201
22121
25001
19279
5782
23753
4107
10978
10743
13721
20737
30998
12895
20636
15242
32251
28779
24964
5097
3805
15881
3357
5124
17689
14835
30409
4874
5935
19574
16940
20568
2073
27000
23848
26014
24795
13241
9740
9277
10332
25945
16904
25076
19828
8603
14309
30908
14150
5096
8946
32240
12240
23
4674
29873
23744
10219
26644
32649
14985
10717
19859
21838
19895
15644
3776
32074
32383
28371
29356
5784
21147
17578
25578
11985
31061
26767
32068
27625
24033
16822
20141
3411
13295
7902
28279
2156
12929
21975
10950
17430
28922
31809
28485
14243
6776
7574
13079
28918
27492
4715
785
17892
11592
23794
31782
13536
9440
11972
18978
14552
9843
31709
32412
5210
17507
16104
21541
22523
19460
21182
12742
10233
1194
1321
682
1311
25862
18157
13847
7401
12978
7433
31651
25833
16394
14138
4004
1385
15422
20417
11240
22354
18853
14438
28838
31053
20052
14525
22965
16423
13040
8616
5116
1658
960
14877
18218
8074
10246
26921
10151
29037
9104
16693
25802
31343
5770
20617
18252
17844
28566
23310
5116
4895
1055
24920
1717
13939
745
6371
31117
29112
29933
14749
3152
20193
16485
17573
24621
15531
25123
10323
15278
29384
20774
25976
10990
24893
16495
6631
28678
12041
13073
5172
22472
3079
5768
21691
18096
23061
22347
8164
4631
29046
9125
1446
31146
1141
20672
586
21787
26187
5635
7282
18966
14659
4765
9305
7799
18460
20834
30812
31418
3759
16087
29370
12466
13778
17800
25752
23166
1659
1186
16968
26042
6185
21693
25802
24306
15999
3834
1171
4444
31282
19022
20878
20166
28966
797
19553
29645
12756
24843
17649
31824
17903
3855
8744
15396
22599
22985
22262
4105
29165
2069
10389
6877
4760
8672
10770
25360
10311
6458
4361
25688
10792
2477
18352
27046
23225
461
24598
17240
29997
2833
19629
11696
18961
25569
519
31621
3887
8176
26077
22840
26291
8908
12117
15338
24972
10420
7300
20716
277
20905
8498
375
31733
25287
29406
24222
19012
12758
5634
2432
15599
28445
20633
27586
9309
16758
9693
21565
19026
26792
16213
19443
17172
23024
26383
14152
22989
2785
30507
5999
7217
24175
25241
34
18784
26694
15138
5526
10254
31328
22701
9902
2017
12502
1467
14191
29210
28662
21813
4020
19832
2199
1383
8738
31065
30377
5196
24415
9251
28176
26892
18815
24802
10675
14019
23487
16435
12495
31876
6774
28768
1682
18078
24392
10444
30693
5405
13725
25746
31625
2964
23377
12393
22629
19994
14766
4043
1566
12179
27287
15702
31721
5425
7685
19058
24989
13114
29624
25140
22285
1803
7462
13186
17812
12893
23480
18040
28657
7111
12085
16651
13397
30852
18558
24300
13499
9079
5245
8367
22904
25964
29528
30253
25107
4769
28650
26663
30806
8581
2931
1324
31141
7871
29070
5564
27279
8818
10340
23469
18595
10943
4384
24782
11909
32652
19619
6347
32321
900
22648
23120
1502
5727
30730
29553
21047
27748
15892
23882
9222
32556
19034
21218
15170
31656
3991
20310
27819
20838
13750
14131
13731
18191
27716
12579
16959
14389
16678
29132
6558
24651
20359
32501
25721
22261
23317
11754
508
8579
11117
24866
24276
32183
15315
18720
17034
18895
4903
11415
1807
11711
22548
31697
28312
27071
30091
13137
2987
28165
25456
20920
28538
8148
26515
25829
4721
28597
25313
29280
11019
9477
32476
16121
26345
687
20296
14764
14885
10555
15399
3528
14564
23048
18408
8273
12074
32725
1500
31906
27379
8326
21737
29782
27775
7205
12930
30313
28909
23848
14806
24987
2827
24050
9032
22037
15981
10140
22560
19023
20668
11764
28288
26417
17745
11462
8601
28537
14082
27227
6686
13916
1084
832
6905
26992
339
9032
26174
12745
9493
20436
28253
28770
25509
10066
10139
6591
11143
14852
3523
29905
14583
24579
12824
16666
13183
12419
25999
2066
18888
32344
21307
7624
16305
32186
7945
5324
8862
30533
23725
10573
6162
11331
29404
26495
31361
20526
16060
4415
14431
15217
2969
1786
10621
15215
13017
14283
20117
9158
30770
23779
12068
1237
30234
1070
18807
11132
11903
11828
18697
20002
5049
829
30476
2813
7613
25528
6470
7053
16275
22493
13086
24938
20746
8850
23799
12352
16554
31627
9660
31000
8682
13494
12988
15065
27555
20182
4537
23566
31429
16749
28987
20969
11593
31200
13098
14472
10598
21974
3484
16504
9480
7393
11756
5496
16766
15712
4620
8831
20338
20644
3100
22272
3871
10833
9275
20844
16574
30471
19613
4857
6465
11842
7133
8354
28484
23423
405
13678
13377
673
10541
27126
3587
9106
32496
29985
9309
8493
2917
27187
30491
3932
6364
6150
20537
11389
22343
28054
9811
2571
29259
1988
861
10362
19863
19539
17300
2658
23413
13879
16564
736
16798
14095
15724
17210
16467
20976
9487
27585
4009
21348
29580
9212
10021
19122
22944
32258
9096
10336
29002
10536
16108
9719
5760
1000007
3856
23302
14368
31953
32241
9065
13609
17245
12442
15051
6699
26399
20540
12650
21244
3812
27009
7706
9389
3787
22046
12685
956
13736
1000005
3793
6795
2471
12968
3354
5137
14386
27889
18114
32464
15636
27185
6542
23559
1246
21447
31795
12072
3721
20692
19737
8588
20574
26517
32350
3686
25619
2288
17182
2806
15927
31308
8690
16127
29904
4518
4278
8570
22850
30689
32144
28044
26994
25950
26925
25526
23596
3277
30286
11084
19650
10307
4740
26664
18934
23692
7223
22687
19482
26306
10733
4020
22134
18462
22217
8076
18410
25615
14418
18466
7893
17545
24951
32316
13365
30880
5839
24222
12815
16725
6181
24957
18705
176
9011
25142
26998
7951
5038
20288
810
23229
17539
5727
4398
13766
5729
8475
